0 0 0.75 1 1 1 1 1 1 0.25 0 
0 0 0.539063 0.914063 1 1 1 1 1 0.5 0.0859375 
0 0 0.369141 0.7771 0.970459 1 1 1 1 0.75 0.236328 
0 0 0.242249 0.622375 0.901222 0.989845 1 1 1 1 0.410339 
0 0 0.158976 0.478491 0.79706 0.958429 0.996509 1 1 1.25 0.596224 
0 0 0.104328 0.353842 0.672424 0.899389 0.983092 0.9988 1 1.5 0.839001 
0 0 0.0684651 0.258291 0.548108 0.813522 0.952846 0.993288 0.999475 1.74989 1.11309 
0 0 0.0449302 0.18662 0.432975 0.709225 0.901162 0.978806 0.996768 1.99918 1.39169 
0 0 0.0294854 0.133702 0.335007 0.599072 0.827905 0.950432 0.98891 2.24668 1.65747 
0 0 0.0193498 0.0951131 0.256038 0.492731 0.737757 0.904706 0.972076 2.4903 1.91525 
